531165935.0
20307019.0
193056758.0
2240095033.0
531237360.0
602691923.0
531153305.0
601892000.0
26203719.0
187248137.0
25258953.0
20455924.0
195044343.0
241233990.0
938614555.0
562035970.0
466210973.0
22755015.0
308357797.0
542143012.0
466395857.0
195076965.0
2277381078.0
467062429.0
195019019.0
225281874.0
539150535.0
434775697.0
14265485.0
21289751.0
466404521.0
1273207591.0
1446613350.0
2265815350.0
237326341.0
592043234.0
2304324655.0
466181545.0
466285518.0
1689315170.0
2266513298.0
2438666143.0
372233740.0
24801407.0
20197815.0
241106682.0
603962983.0
237226175.0
531160150.0
157029836.0
2192767087.0
571602303.0
517160489.0
551846148.0
14626600.0
153690249.0
465323815.0
480748987.0
466401624.0
614416474.0
531146452.0
620404975.0
485873421.0
926780918.0
590239962.0
466301798.0
522559673.0
522344056.0
465359767.0
156162429.0
2320414572.0
14247395.0
539178618.0
564336147.0
2191484615.0
587826392.0
183765902.0
542163896.0
531153134.0
1732923944.0
18013384.0
521681059.0
467059649.0
567591601.0
576052543.0
225248989.0
467175777.0
468071828.0
466383527.0
327746321.0
205030249.0
708218874.0
545309342.0
466415815.0
531157328.0
183247631.0
467106905.0
2175037701.0
467133470.0
466315053.0
2295289836.0
231957917.0
468055750.0
467092645.0
466465820.0
468126635.0
468101494.0
210704864.0
43133380.0
2193685661.0
215777333.0
586162939.0
557522453.0
613740357.0
466159914.0
520977237.0
1273204964.0
531240150.0
233444535.0
531223365.0
192101699.0
162035733.0
1944581808.0
16180264.0
467194428.0
614770385.0
466386301.0
241243279.0
210789285.0
466400012.0
468047952.0
522419526.0
522725796.0
576191042.0
542150978.0
2160196098.0
711565705.0
243282862.0
1320506970.0
177909572.0
20773759.0
465361035.0
164560495.0
2349866700.0
585856581.0
360743981.0
232547074.0
466398478.0
232678324.0
185165914.0
934595191.0
615041347.0
465378609.0
466235245.0
466264439.0
1080342498.0
539203914.0
456990098.0
21671968.0
531141814.0
24197313.0
481505805.0
23125871.0
576655867.0
512155932.0
237201814.0
20114963.0
212779829.0
149512577.0
467066531.0
468022909.0
237178034.0
17132768.0
2275755968.0
467132777.0
193181766.0
465351389.0
1169254332.0
341925732.0
531163502.0
22798846.0
509255384.0
531241275.0
149245813.0
1953036482.0
531157201.0
570726762.0
393927847.0
198700618.0
506892551.0
164940888.0
178165647.0
21622362.0
531256866.0
466305983.0
241300883.0
519445792.0
1692540942.0
466236779.0
1267627190.0
465429916.0
522715107.0
176469051.0
1918781300.0
1929149538.0
468073544.0
466317569.0
467097582.0
531144071.0
212634789.0
570575741.0
2236528326.0
466255887.0
465404789.0
14443013.0
539048096.0
557910814.0
466296464.0
605838742.0
466332009.0
465306667.0
466462167.0
467143088.0
16408909.0
465376509.0
614051804.0
108992875.0
208913421.0
347551419.0
531170807.0
535901760.0
465376231.0
466192470.0
466473766.0
572934190.0
212835350.0
2166704005.0
2271303860.0
539109831.0
231225050.0
236449587.0
539092138.0
2219907259.0
26061230.0
221898604.0
192499649.0
1273210165.0
25793082.0
2396099064.0
360685545.0
953307336.0
22652455.0
221166368.0
466484711.0
467133260.0
517639654.0
466308638.0
576446971.0
1273200344.0
1726804830.0
11086752.0
466372053.0
614211803.0
467200465.0
467134743.0
334260507.0
466429038.0
562778292.0
466206406.0
2525273432.0
1273188654.0
2324541288.0
467176923.0
24663107.0
17078096.0
1699371337.0
542216247.0
466475858.0
25965427.0
546533556.0
711547033.0
585962900.0
532556025.0
520998731.0
468102975.0
531164215.0
567647741.0
466416786.0
542209179.0
430175527.0
528800946.0
614209875.0
327748532.0
237332572.0
467142582.0
456931751.0
2209565230.0
467121186.0
466432550.0
561480130.0
539259954.0
2256345201.0
554242271.0
16496132.0
466221249.0
26621229.0
465374259.0
466152441.0
614447598.0
20849470.0
539977804.0
468118601.0
466270170.0
466282847.0
467124165.0
465387088.0
133834939.0
18441380.0
203408017.0
466359810.0
466424669.0
466407665.0
2162414595.0
297145972.0
243854506.0
536529427.0
1372882284.0
531165847.0
612129754.0
25578056.0
531144478.0
466426021.0
531161755.0
531137482.0
2243809497.0
326297504.0
10866252.0
467199549.0
1967103792.0
169157567.0
2185613491.0
599736873.0
467105761.0
260649579.0
239925128.0
242400866.0
465418896.0
466342693.0
468138658.0
1669189561.0
157884661.0
2281756927.0
434790178.0
531259803.0
194780405.0
539163375.0
1273207741.0
162018954.0
557607196.0
22600734.0
1888522045.0
576836266.0
195018333.0
468089119.0
2285966798.0
212839724.0
2281067444.0
816485959.0
614197225.0
465426060.0
2353354449.0
291374082.0
22020084.0
23871022.0
466324211.0
467135461.0
615237160.0
2220325358.0
531144512.0
2292414091.0
153162975.0
468083973.0
1729686344.0
466255776.0
14982885.0
466232314.0
466212113.0
18046941.0
456934703.0
531147808.0
185738361.0
334748859.0
1723943414.0
24104971.0
195052498.0
617872589.0
175108392.0
1273183476.0
175418591.0
465402069.0
2243177708.0
465373538.0
522416755.0
551659692.0
531218181.0
27762544.0
2202044150.0
186940042.0
589910604.0
195048609.0
467087368.0
156507082.0
186240101.0
467109178.0
568388087.0
370960192.0
465378230.0
466298694.0
175251304.0
2337516668.0
466146699.0
531144016.0
556451163.0
2323690855.0
467201459.0
466380427.0
219404734.0
188961582.0
18917949.0
467111837.0
467061366.0
613458977.0
1638815436.0
199562994.0
2271297840.0
538794415.0
466480215.0
512405444.0
19620476.0
172229393.0
205218909.0
297548417.0
490712110.0
2331598592.0
524913626.0
310462159.0
221095491.0
616602934.0
14391111.0
14969657.0
467102366.0
547900413.0
2272837002.0
14391096.0
2352634238.0
331809299.0
1002202471.0
466363837.0
17557537.0
241283599.0
465420606.0
539138964.0
466124519.0
456939896.0
9272142.0
2274833028.0
2269218732.0
466309651.0
534542344.0
1303391600.0
467100704.0
467194846.0
465401166.0
2278866246.0
467154855.0
163523407.0
531217335.0
466413855.0
483204176.0
2325931652.0
528891726.0
1897930380.0
467060651.0
564255082.0
297074297.0
1894350486.0
531154412.0
2275243363.0
347564054.0
494302461.0
24816799.0
2281334370.0
559842571.0
15044720.0
1956659528.0
1978360040.0
531139298.0
15097876.0
481994964.0
161611407.0
2211927324.0
466393676.0
531256458.0
466357907.0
465303273.0
708129571.0
15318630.0
183760147.0
