2238512887.0
576836266.0
2275740517.0
2277230660.0
614209875.0
1888522045.0
326297504.0
2354541248.0
467203615.0
2178643974.0
2378053471.0
2381131111.0
2357988085.0
2381131928.0
2355678636.0
467188464.0
542155339.0
2220325358.0
2353979143.0
2373142057.0
2372337744.0
231211273.0
2265774727.0
1273205228.0
2358526580.0
2365544120.0
2349468188.0
341925732.0
2361384289.0
2372957832.0
539034931.0
2368943558.0
466455126.0
2357325907.0
15328663.0
171691600.0
228978063.0
20467948.0
26022358.0
531130796.0
2377524343.0
2372629621.0
596665611.0
2351973613.0
466365951.0
2374473572.0
539045903.0
2367728047.0
2378379048.0
2383009538.0
2177075531.0
2351877541.0
467152720.0
458941316.0
310462159.0
2355118178.0
2354551746.0
2357391776.0
2374738254.0
520499857.0
2378353614.0
466469884.0
2359737805.0
2364564750.0
24164443.0
23749423.0
2357279342.0
494302461.0
192499649.0
482179475.0
559351369.0
466320191.0
2359941643.0
2356745930.0
2382477954.0
15805367.0
2367798872.0
2384134998.0
531150104.0
509255384.0
2353952454.0
149723283.0
2354106187.0
2354493222.0
1978992043.0
531137332.0
531259803.0
2351721402.0
2354192102.0
26621229.0
8657052.0
466338854.0
466322512.0
542219577.0
2357466811.0
2353624196.0
2352986684.0
885249193.0
565337747.0
1929149538.0
2352419065.0
2352991237.0
2321395147.0
614174307.0
2265815350.0
16180264.0
2386070695.0
1947320929.0
2378671002.0
2385497478.0
2358030026.0
600867440.0
2350850690.0
538996367.0
2364721585.0
2354781530.0
215876019.0
2370305875.0
2376379176.0
531156028.0
2361958255.0
2363981238.0
2386469035.0
2373739082.0
2384166104.0
169035705.0
19254862.0
23388629.0
2373571820.0
2354849851.0
19759124.0
11174562.0
2383454876.0
2361598825.0
158038746.0
2370782887.0
2361751538.0
2383835222.0
2358013632.0
2366153280.0
2359679634.0
2366093209.0
2360067541.0
2356276573.0
2370750992.0
237197647.0
2361587412.0
2357621743.0
2371028359.0
487251929.0
15367428.0
2359997017.0
2357314664.0
539092665.0
2360565204.0
212835350.0
2351140219.0
594142749.0
531237552.0
2357204730.0
2356885248.0
2380814376.0
19300510.0
509694238.0
2368413834.0
2266115628.0
2385919303.0
2368328874.0
2361198763.0
2358708085.0
2357844170.0
153162975.0
466262010.0
2372439074.0
2354194003.0
2384853127.0
465437206.0
2378868756.0
2367758388.0
2382957589.0
2360015622.0
2361648698.0
2355781981.0
614211803.0
576273051.0
2360333022.0
129549447.0
2352839888.0
2352219655.0
2380912087.0
567354088.0
2360853170.0
2362315692.0
466380427.0
2377046539.0
2351503404.0
2378318810.0
193181766.0
2353891208.0
2375655014.0
2383095756.0
2362336950.0
14418605.0
539060340.0
2380151005.0
2360557705.0
2353165838.0
466305077.0
2167115233.0
2381471017.0
567647741.0
615237160.0
2357373476.0
2348898355.0
2384245609.0
466376085.0
711547033.0
2361892304.0
2358630356.0
2360613104.0
198571569.0
2244762307.0
2359984328.0
468016342.0
2363037596.0
2361750554.0
335401278.0
2351088530.0
2357826733.0
465306667.0
2364225000.0
2381762150.0
2396095423.0
12922462.0
2356088414.0
2358495834.0
2387206826.0
566057640.0
2383376780.0
467061366.0
565684911.0
2378460950.0
2351105022.0
2384981766.0
2350916618.0
2353193346.0
2359771842.0
2212872006.0
521039918.0
2242993111.0
2377870790.0
466298694.0
2383298958.0
153439655.0
2365567548.0
2354234232.0
2380062097.0
24725275.0
21959183.0
531234036.0
152232092.0
2378299286.0
531218934.0
1676579581.0
2352012912.0
219379279.0
467089839.0
2359639219.0
16496132.0
2351906262.0
2377903014.0
2384780035.0
326308433.0
153288354.0
2380781340.0
564405301.0
2150270264.0
466224759.0
2384009161.0
2366198034.0
2369128980.0
2384825432.0
2362926606.0
539259954.0
2355861584.0
2382344000.0
2350853726.0
467054935.0
2353410572.0
466264439.0
2372349630.0
2362199270.0
466297752.0
2366297850.0
175730507.0
2368362379.0
2354085966.0
2356392732.0
212634789.0
467157882.0
2349760266.0
2385883549.0
169779207.0
2353735602.0
2353117237.0
468040126.0
2374620703.0
2370671749.0
17889654.0
2354357688.0
2352031490.0
2381017446.0
321527150.0
2361635928.0
2271303860.0
2383152397.0
2352739142.0
570726762.0
2294724187.0
541506684.0
2352105907.0
2353578306.0
2361187448.0
2381458105.0
466324211.0
2353340095.0
2375954011.0
2352323538.0
2379174853.0
19849696.0
347545578.0
2364391710.0
2359797768.0
2381149129.0
2290332602.0
2351766690.0
2370271153.0
1013031680.0
2358627331.0
2357167566.0
2268441811.0
23871022.0
2374883167.0
2151409268.0
531165935.0
2361880260.0
2364688340.0
2353098511.0
2369874206.0
2384119032.0
5856182.0
2355831968.0
538904290.0
2351963316.0
2362257103.0
2384982271.0
2379010088.0
2351661655.0
172229393.0
514061230.0
2268586645.0
237201814.0
2350980398.0
1945485462.0
2384992818.0
2375511421.0
2352639151.0
210789285.0
1732923944.0
2358849200.0
466449824.0
2375595570.0
2351808644.0
2358958802.0
2358320191.0
466315053.0
2352525078.0
2352280880.0
5445622.0
211564378.0
577502014.0
2370697182.0
2360879635.0
2359741370.0
2213122314.0
2353694768.0
531246711.0
14905688.0
2356204080.0
2373692395.0
2349557204.0
2357126857.0
2363972724.0
545207749.0
465428761.0
244251169.0
2371056121.0
2364626569.0
2351763799.0
183511605.0
224109135.0
15888676.0
2381305999.0
538912751.0
2375186491.0
2352023060.0
465426060.0
306207069.0
2351866518.0
2357456798.0
467201454.0
466479419.0
466311237.0
1730251326.0
466383813.0
2362555303.0
164303126.0
2377803655.0
467092241.0
2352294751.0
2382471739.0
2366435250.0
2351897785.0
531160150.0
2382565231.0
1395978913.0
297017716.0
2265515540.0
2377055413.0
2275243363.0
512740942.0
2378332362.0
241228977.0
467179863.0
2351185496.0
21026345.0
2375131807.0
220097040.0
466305983.0
2350890235.0
214678407.0
1268986922.0
2351043260.0
2362900718.0
538883948.0
192101699.0
2378044849.0
2266954628.0
26192354.0
27623289.0
466480215.0
2360250044.0
21714748.0
2352155646.0
467197267.0
2366347800.0
2361674574.0
2355729980.0
2362456099.0
466110228.0
2383495934.0
2370690342.0
529668737.0
2354826618.0
2376467790.0
2361742700.0
466269755.0
2381781342.0
2359857259.0
2352120408.0
468064243.0
2382871867.0
467056238.0
2384620256.0
2281408404.0
468034219.0
2375517793.0
2355186799.0
5812422.0
2380413493.0
159691975.0
2366298505.0
2352452653.0
2376839882.0
297008041.0
2357709019.0
2230646856.0
164269433.0
221166368.0
571735543.0
2357137854.0
466417619.0
199562994.0
2363654694.0
2386048765.0
2362388834.0
2382103626.0
2352966612.0
531256458.0
2283613500.0
2350152440.0
2375666892.0
2352558504.0
466219724.0
2357306113.0
2369839988.0
2362317554.0
2351219077.0
467131009.0
331810629.0
2377253978.0
2382537662.0
2374428487.0
2352952514.0
2352984618.0
2349763028.0
2350087202.0
1382561.0
2353096682.0
2351691338.0
466463528.0
2384455266.0
2375134537.0
2351181979.0
496168830.0
177804013.0
11630862.0
531164215.0
14265485.0
2351847972.0
2272038535.0
467055222.0
465303273.0
2354088996.0
2362996016.0
2363561390.0
467186118.0
2320619815.0
14824425.0
531243222.0
2370503106.0
2356644236.0
465317813.0
1273187490.0
2376811856.0
2372427054.0
467126150.0
2348938549.0
2358612481.0
522559673.0
2357386314.0
2352575239.0
2358284762.0
467094177.0
1690030831.0
2366746068.0
2370882770.0
2349286128.0
467060651.0
2366336551.0
2353004929.0
2357327186.0
2357911592.0
2358918745.0
2438666143.0
1273207741.0
193609769.0
2353925275.0
237178034.0
133834939.0
149038171.0
334754360.0
2218308561.0
2362249506.0
517160489.0
1276337478.0
2384515195.0
2352405937.0
2374863589.0
24801407.0
2351578362.0
2357073781.0
2382423954.0
2351548490.0
2349646783.0
466310732.0
2371059884.0
2362244520.0
348672642.0
2358458424.0
2374512020.0
2384144610.0
466388338.0
2349093152.0
2286596570.0
157158598.0
538975581.0
2381999064.0
482865517.0
2354012342.0
2384486413.0
566576689.0
2337494094.0
2384894101.0
2360718468.0
25258953.0
2359701668.0
2352162384.0
434795107.0
2373418904.0
2366471522.0
2352110226.0
531130708.0
2352894733.0
2356348560.0
2361246678.0
521358579.0
2368250720.0
2358463868.0
1967103792.0
2357619096.0
228599159.0
2352329916.0
151969817.0
1925580938.0
2384028577.0
18603088.0
467111837.0
2356425746.0
75863742.0
187248137.0
2364059480.0
1424964542.0
578481944.0
2378500051.0
2352263454.0
468143141.0
2375120065.0
466141484.0
2364796801.0
2357110261.0
2361573475.0
2377545649.0
572918904.0
2348756964.0
531140765.0
467206948.0
531217335.0
2370852012.0
466163614.0
466238747.0
2286273170.0
2374836584.0
2349862765.0
2383337442.0
2381294144.0
2359881666.0
2358172664.0
2357161536.0
165785902.0
2383137392.0
2352569228.0
2357016792.0
176469051.0
2352978734.0
2354254280.0
467191820.0
1956659528.0
2352828182.0
17523808.0
16527716.0
2381822418.0
2276437098.0
2334889399.0
497404180.0
195018333.0
466456399.0
1897930380.0
2384570148.0
18013384.0
2243809497.0
2384185177.0
707991344.0
2368330536.0
334826952.0
2350335156.0
467133727.0
2355902173.0
2355745188.0
2354667518.0
2361225786.0
567390950.0
2359867422.0
2372905207.0
614313057.0
466462817.0
2386947914.0
2377569936.0
18463828.0
165778169.0
2372276545.0
2353752265.0
2358428462.0
17455999.0
430928749.0
232678324.0
434729769.0
2193685661.0
175418591.0
1911524743.0
467200763.0
2358535376.0
2352807540.0
468004034.0
2354844445.0
2250794221.0
1705146012.0
2357106457.0
25578056.0
2365504790.0
2359563900.0
185914183.0
456990098.0
2384189168.0
585906857.0
2364455509.0
465306140.0
1925081953.0
2363564328.0
2360795371.0
467066534.0
2349201505.0
466227486.0
2358425053.0
2359581860.0
2352676352.0
175048691.0
528006498.0
2353401462.0
241206543.0
2353459783.0
2324994222.0
2384526570.0
2384557399.0
539099214.0
466154098.0
602307139.0
225248989.0
932738582.0
2361611570.0
545261627.0
2352496484.0
2362500349.0
521659903.0
465399558.0
2359964000.0
2353852164.0
567430901.0
2357387484.0
2353637048.0
2378059088.0
22437649.0
2362684453.0
2384068819.0
177671726.0
2382690872.0
468124503.0
2383374044.0
466392868.0
2377790023.0
17078096.0
2352769616.0
2356167188.0
2240858066.0
2380212774.0
571300130.0
2383878294.0
2357529392.0
2352687170.0
531141808.0
2272022072.0
1273207663.0
2354917110.0
1273205342.0
2384499901.0
2213075978.0
2351778319.0
2374069344.0
182276961.0
538894537.0
467082134.0
2351551118.0
16945428.0
2351978370.0
10866252.0
2349576036.0
2360377028.0
1862854957.0
468058184.0
336996257.0
467120569.0
223345906.0
579805979.0
467095185.0
836255282.0
2384296260.0
2366195148.0
2357965531.0
2363044130.0
2361661812.0
465420606.0
2372328596.0
2352440234.0
539128249.0
2384976224.0
2354220896.0
20773759.0
466386301.0
2359878056.0
2370931374.0
1273205000.0
2360292979.0
2357989519.0
466377491.0
2361813229.0
2372370842.0
466470799.0
15927815.0
2352009985.0
1855455756.0
569186504.0
1273201142.0
237192993.0
14982885.0
2356955550.0
520977237.0
2355868272.0
2384595440.0
2363034864.0
357536147.0
101882667.0
2354977040.0
185322197.0
192378109.0
466300896.0
2360265066.0
178748878.0
531134893.0
2357697421.0
2352702752.0
221180534.0
1480973431.0
25121744.0
2360497496.0
162663466.0
614324889.0
2357534544.0
2374328761.0
2382452304.0
2265546086.0
2380030183.0
2381381947.0
531164519.0
467174783.0
2204112777.0
2378157224.0
2166124159.0
216112755.0
2349977298.0
2356626554.0
2375911921.0
2366216821.0
1273187922.0
587826392.0
589910604.0
2367846440.0
2356109287.0
2382676646.0
18989002.0
2358020293.0
2380679000.0
2353459585.0
2351493632.0
2360688492.0
542135879.0
517639654.0
2357266153.0
1273203566.0
2362274305.0
539138964.0
2378475132.0
2360860358.0
335405859.0
2353014434.0
2352808358.0
2383643276.0
482517693.0
2352557742.0
2384633174.0
2385184874.0
539094006.0
195049424.0
2361775315.0
1669189561.0
2358752732.0
193056758.0
2361352586.0
2226871938.0
2358617192.0
465196345.0
2383856088.0
2357513742.0
466121357.0
2384530548.0
2357810078.0
2355171440.0
2361702972.0
161096641.0
25759948.0
21238673.0
2351482920.0
557522453.0
1169365328.0
466363084.0
23571734.0
2361343351.0
2268606518.0
467085574.0
2358994375.0
2352699409.0
2358514765.0
2380888711.0
467185243.0
2355123768.0
573221967.0
2351872555.0
2356252633.0
2357923580.0
2350959397.0
96435556.0
2158122428.0
215668563.0
2361009630.0
2370573464.0
531137536.0
539203914.0
2378230656.0
520806944.0
2374964642.0
2382327871.0
467194119.0
538783005.0
2384100523.0
531141878.0
2384264934.0
522344056.0
2348486173.0
2358670712.0
2356283838.0
2362140536.0
466474086.0
2362495170.0
466363837.0
2354089656.0
2331545711.0
2364592694.0
1860371966.0
466178381.0
233032914.0
2357490037.0
1021573561.0
2363964349.0
2368268431.0
2361792980.0
2384466216.0
2378360713.0
466435182.0
2380183135.0
199196176.0
1874015534.0
2359748348.0
27292659.0
2385782306.0
2360853745.0
2358181406.0
1966433113.0
2384657761.0
306510948.0
2357889667.0
2377028120.0
16944013.0
2374799022.0
2350477716.0
2352528294.0
1517148602.0
2362055604.0
2380211371.0
466207205.0
531144016.0
2385363270.0
466325799.0
2358864324.0
2364801084.0
2360148902.0
2366337290.0
2358906566.0
2383720963.0
2361513006.0
2377083871.0
2356628791.0
2351155688.0
2384415344.0
2212877216.0
2370949351.0
2324541288.0
2350165542.0
175251304.0
467077394.0
297565762.0
468033321.0
2358376934.0
219845841.0
194777903.0
2384209417.0
2354967918.0
18441380.0
2358511202.0
466407262.0
2353476697.0
2352038430.0
231225050.0
2293511256.0
2352668929.0
197323804.0
2378650778.0
467092645.0
2354831113.0
2380797061.0
330531182.0
2379041683.0
466300024.0
467203990.0
2270691548.0
531153305.0
2180236966.0
1273210567.0
2370205015.0
531161755.0
2349191773.0
560482551.0
2352186397.0
157882115.0
2377636812.0
2371178828.0
2353500097.0
2281337544.0
539048096.0
2382917286.0
2357422154.0
466432166.0
2348138022.0
331801034.0
360685545.0
41613571.0
149587895.0
1639398596.0
2366312984.0
2380657250.0
2381983135.0
466462018.0
2374855375.0
2368585518.0
15046379.0
2384151421.0
326302120.0
2357329639.0
466295605.0
2357931853.0
467110763.0
2355847777.0
334260507.0
528800946.0
2359687441.0
2384795096.0
2382501344.0
467105452.0
466395997.0
2358406981.0
2352159499.0
2349866700.0
2364902995.0
466239486.0
478016217.0
2375095146.0
2384474173.0
1080342498.0
2385366524.0
157959714.0
2356419470.0
466150269.0
531147995.0
14307043.0
2363577037.0
2376920149.0
185165914.0
1871678053.0
2352975686.0
2357621676.0
2352274650.0
2356733293.0
2358400753.0
2361379525.0
2357198940.0
2351728159.0
466334990.0
465376231.0
2352434670.0
574276150.0
466419130.0
2384030522.0
2382953520.0
2369992705.0
467187664.0
2385765020.0
595584728.0
393352485.0
2383942940.0
21127172.0
1190158771.0
2366748930.0
539039368.0
2354901288.0
334167552.0
2199062688.0
2357609701.0
195017418.0
561508997.0
186978312.0
490044117.0
2364642542.0
11086752.0
434742028.0
2384741894.0
569015489.0
466398478.0
16484437.0
2381675280.0
2212804586.0
2353131601.0
539208852.0
2352028898.0
531170783.0
2381781992.0
2362365686.0
465393485.0
2364313808.0
466132138.0
2364236432.0
17050665.0
2358260485.0
2368281811.0
2378652246.0
2368822676.0
576967621.0
2355003306.0
2356086913.0
2384911256.0
2359671380.0
2220472117.0
613393977.0
2353385048.0
466475858.0
2384245830.0
2383290612.0
2358230496.0
466383527.0
466409241.0
2356142870.0
468144332.0
465305493.0
2356361516.0
2385700974.0
2385383858.0
2367815376.0
1939977158.0
2364631153.0
2383403694.0
2352067280.0
2352998418.0
2355175124.0
540183618.0
2353740900.0
2356893462.0
2243540185.0
535206680.0
2383171908.0
2355948764.0
2211927324.0
2383201195.0
