96452578.0
2382917286.0
616222814.0
520977237.0
466308751.0
616287579.0
467158666.0
1961432316.0
1678138165.0
297070204.0
346747623.0
1911524743.0
466417619.0
2354794776.0
2381263592.0
616206275.0
480104212.0
616804514.0
83697927.0
2366436097.0
2355704365.0
2361128114.0
2381246208.0
564249598.0
2356638997.0
546533556.0
2349182467.0
278082770.0
11086752.0
2357824670.0
23088369.0
616699097.0
11690822.0
236449587.0
2374503895.0
1127411401.0
2318172799.0
336996257.0
622866052.0
2356948754.0
620419987.0
2359671380.0
2368247119.0
1127822533.0
2386347198.0
16944013.0
97006046.0
2358383732.0
2358074875.0
2363549845.0
467094177.0
2380151005.0
2384633174.0
78468090.0
467105761.0
1127942606.0
2379663571.0
57697039.0
466448027.0
468155641.0
2231823601.0
617534754.0
468065920.0
317248347.0
2370980064.0
466225850.0
616222607.0
2379454507.0
2372905207.0
2368665852.0
2372847218.0
2384827536.0
466462167.0
2380749122.0
617072174.0
2353215458.0
10866252.0
520328342.0
531159913.0
1174733100.0
157899996.0
2354991109.0
27292659.0
2350519364.0
83898153.0
303469076.0
357756459.0
2373461798.0
2354866717.0
2357233860.0
316402288.0
2384027407.0
159209237.0
2359070545.0
26967415.0
195051876.0
2375134537.0
1174413920.0
2351110981.0
617020095.0
15871870.0
2360182716.0
1174946815.0
1371350634.0
2352768619.0
1176324859.0
2357590944.0
2359590128.0
30993019.0
1127828666.0
616225699.0
26912227.0
176736646.0
308167725.0
1174400497.0
467129439.0
2375032634.0
563363271.0
101573373.0
105882349.0
2366368231.0
535781152.0
2358387354.0
2352063272.0
1388819528.0
1130415098.0
183765902.0
466342693.0
212928560.0
2370642990.0
2384470771.0
467060651.0
2374599241.0
620519953.0
142876983.0
169880327.0
616950850.0
616218557.0
2369839988.0
2380473392.0
2383975440.0
551846148.0
2368923403.0
73533563.0
2382523758.0
535901760.0
1124739583.0
616219790.0
512028125.0
616755124.0
2368191884.0
152165747.0
467111532.0
122963011.0
2362468412.0
2352941257.0
162018954.0
1963049964.0
467131009.0
73049791.0
466325799.0
254716078.0
2339482580.0
244202085.0
1124264132.0
2351104034.0
1174918676.0
1175835392.0
1176197136.0
617429491.0
49479291.0
434728619.0
2376811856.0
101560756.0
2368601821.0
2352006726.0
616298199.0
2357674874.0
91933827.0
79486091.0
2360879635.0
2355179676.0
2373692395.0
84640693.0
2384189168.0
2370719401.0
2357929946.0
1921565318.0
2363555460.0
2363604798.0
79434733.0
85126240.0
55162707.0
468040126.0
2354977040.0
2357286122.0
2384964908.0
616231067.0
2377625022.0
2355810752.0
2358035370.0
616891841.0
396755498.0
271688114.0
2375389628.0
2357611693.0
1128353106.0
27623289.0
2380777692.0
290215487.0
2361828762.0
64223014.0
404334610.0
1130207582.0
708730298.0
2358728605.0
2380452584.0
2352231043.0
1273205533.0
616231795.0
2366236056.0
161610564.0
148061189.0
616382834.0
465196345.0
164983683.0
96828368.0
2357325907.0
55090967.0
2266193642.0
16408909.0
1601378383.0
2353918831.0
2367820136.0
1268986922.0
65268327.0
1176026473.0
618438937.0
2356644236.0
566429313.0
57753218.0
1213023985.0
2355676568.0
2352150030.0
2381762599.0
839897809.0
539048096.0
2351721402.0
617047718.0
617715995.0
2356460936.0
157882740.0
1176213703.0
1124616192.0
87504612.0
203036898.0
92767071.0
616220612.0
2368452139.0
15084319.0
2362237998.0
181191283.0
1128728185.0
616210993.0
2382928164.0
2363034864.0
88563527.0
1174898036.0
27746415.0
1024955420.0
616218482.0
435591257.0
2381744869.0
2381934343.0
708666768.0
2360807268.0
1176279901.0
1373569838.0
297573634.0
375174626.0
2360228768.0
1174804556.0
2364059066.0
233655084.0
348672642.0
10352582.0
2266513298.0
2358660372.0
95602959.0
55091846.0
2353133384.0
523035519.0
2357923580.0
53792078.0
64343774.0
250440746.0
2375920495.0
1129016958.0
1963501656.0
1176070208.0
2362452169.0
619384294.0
2350525226.0
466239539.0
1124788411.0
1174464710.0
1130403487.0
55194361.0
2354285058.0
466465955.0
533547779.0
183733336.0
484688843.0
97669478.0
52975492.0
18997161.0
2377590066.0
1175586606.0
2383726801.0
1176291828.0
1174925106.0
2364223825.0
531173578.0
291630964.0
49772550.0
1174703832.0
2353377162.0
467059649.0
27570114.0
616307286.0
1176188922.0
580967031.0
619542769.0
2348725105.0
1175933034.0
2350961114.0
2366153280.0
2359459026.0
2384741894.0
114079307.0
2385735330.0
2355903973.0
616810995.0
2213122314.0
2364874014.0
2384939022.0
2358975750.0
538942101.0
539096910.0
50660716.0
75727230.0
735242102.0
2366203159.0
1175963400.0
616218845.0
2376815587.0
560482551.0
489042575.0
2354846455.0
2386397318.0
2357003580.0
529296936.0
466338854.0
1174768531.0
34461690.0
2377921482.0
466477122.0
97859473.0
521066382.0
2351105022.0
531166864.0
257361062.0
300387928.0
535537105.0
2356909836.0
2353654897.0
2351021684.0
2351747839.0
619369704.0
104897523.0
86866954.0
2357119321.0
2349932018.0
2324541288.0
2353513633.0
2384089693.0
1372493953.0
2359949893.0
616641964.0
1174898930.0
65576451.0
1174727760.0
593012958.0
466485845.0
98475185.0
2369025158.0
467144026.0
616289460.0
2383160654.0
2352786636.0
616308495.0
2358506078.0
422850440.0
261627134.0
1175651917.0
75402052.0
2381223642.0
1128100808.0
1174851782.0
616230896.0
2370602569.0
116397637.0
1174420830.0
72124588.0
41177563.0
2357363610.0
420658286.0
2360645569.0
2386016598.0
433495525.0
620832986.0
616998587.0
2370690342.0
2352011114.0
2354466013.0
1391378610.0
1387393236.0
617837077.0
1127510060.0
1126886184.0
616312341.0
103408973.0
23567222.0
55412037.0
569089181.0
2363046775.0
2349511350.0
2354853182.0
1273205659.0
169779207.0
1273184322.0
430175527.0
465387671.0
2361181297.0
2374069344.0
619522365.0
616906634.0
2349926574.0
2373183630.0
2375233591.0
2361688544.0
327747371.0
1174885962.0
1127948335.0
2363688457.0
54638312.0
104394959.0
2379771720.0
2375654202.0
26192354.0
1174382539.0
14235705.0
467198992.0
2359423728.0
2353337442.0
616255096.0
25759948.0
2362252939.0
67946273.0
161547148.0
465361035.0
467123525.0
618134374.0
52558319.0
1127034602.0
377924610.0
2357833116.0
67243929.0
2271297840.0
2361009630.0
349013016.0
618500176.0
329804273.0
241283599.0
2363289678.0
1129871070.0
1908684955.0
2385004128.0
1683489438.0
1176220436.0
563333511.0
2358994375.0
466388338.0
55825155.0
148404674.0
1174345260.0
467115422.0
1176269809.0
2357378869.0
617342501.0
616223147.0
2353665019.0
2359795398.0
531139298.0
2352829670.0
2357963438.0
107107162.0
616217867.0
467135856.0
1175979866.0
107463005.0
1124407771.0
467193516.0
1176197437.0
2383896852.0
82404691.0
1174787304.0
1727495887.0
2320619815.0
75408753.0
1174780777.0
2360272866.0
1174414464.0
74995296.0
2384192839.0
21196037.0
2384045040.0
616230704.0
2349286128.0
1174924308.0
115192196.0
616799004.0
1176215833.0
713491500.0
1130298409.0
617796849.0
617739091.0
1374225350.0
103919687.0
2361201110.0
1129936399.0
1208528096.0
16282004.0
180917373.0
1174706054.0
346754293.0
2370385350.0
1174944620.0
616224700.0
2375950873.0
1205108125.0
2273502326.0
2363654694.0
2380212774.0
466257969.0
546818678.0
531237552.0
434729769.0
2360620308.0
2375359969.0
616688199.0
2356210058.0
2358740330.0
538861240.0
618886449.0
2378476622.0
9524952.0
104527091.0
2362318620.0
616301619.0
619512380.0
2364084901.0
195625268.0
69496874.0
2353718966.0
616230458.0
67271221.0
16459227.0
1174754300.0
617602159.0
2357137854.0
65231459.0
1174374654.0
1174450927.0
2351723893.0
2359737805.0
465359767.0
2187391320.0
531167072.0
65965143.0
616520119.0
2383421131.0
2353075058.0
2357051431.0
24080811.0
2358953564.0
2359653546.0
1176063571.0
2364349430.0
184821868.0
467147652.0
1174744404.0
2348331426.0
102744481.0
2370390558.0
1273210567.0
2351203236.0
26135125.0
618981957.0
72794958.0
617228152.0
2356955550.0
291362552.0
619871782.0
56816007.0
616524118.0
2348619048.0
614209875.0
2352595376.0
2384486413.0
5445622.0
2358463868.0
2354106187.0
531148996.0
1176419695.0
2351976828.0
531163505.0
134332869.0
2383276729.0
234655327.0
616230778.0
616224076.0
1174712372.0
104844839.0
709542337.0
15682749.0
618415967.0
465394343.0
2356217834.0
531256866.0
2379524288.0
2354209242.0
53780726.0
1176214640.0
2157440777.0
616298418.0
330273328.0
953307336.0
2357529392.0
616222831.0
2366498383.0
466352701.0
2375991464.0
2350945952.0
2373421176.0
346369787.0
468126635.0
2361624404.0
616217624.0
2373418904.0
2357863964.0
2377108531.0
2366106576.0
2358617192.0
2266115628.0
617721359.0
2351973613.0
2361709970.0
2352067280.0
465378983.0
561480130.0
2352176280.0
1273186842.0
44091292.0
289776209.0
2354849851.0
69504535.0
465380942.0
2351963316.0
2357510947.0
2370971431.0
616583718.0
15367428.0
53978783.0
616874546.0
616560235.0
2368697378.0
106193762.0
467203123.0
532556025.0
106522802.0
531138997.0
1174872318.0
466182757.0
2359792957.0
567591601.0
63065682.0
2360307002.0
1176194707.0
1128898598.0
150427831.0
1929149538.0
466339692.0
2365618362.0
616862788.0
2361609852.0
48336195.0
425528043.0
61142555.0
2351849318.0
2374840957.0
1176249991.0
2358426943.0
87245044.0
1127911933.0
616299456.0
392188753.0
88425140.0
2380168394.0
73855074.0
2386149451.0
2236789484.0
1127680646.0
1382561.0
46322170.0
2286596570.0
2363851124.0
2384856421.0
2358389156.0
2352472238.0
600867440.0
2384191652.0
2360981264.0
2362284109.0
2360105778.0
616207079.0
2380941368.0
2265514225.0
2385738188.0
67856562.0
2353721617.0
1128403068.0
2365636933.0
1174431032.0
57281658.0
309434421.0
61411155.0
56138977.0
65354068.0
216081230.0
771657486.0
1208895733.0
620758404.0
2360581861.0
351514291.0
1175011722.0
38195080.0
616757321.0
1129036489.0
26061230.0
2356047794.0
16119337.0
2374855375.0
2357965531.0
531130708.0
616302717.0
613398598.0
1128650161.0
2382987302.0
616319798.0
2370729744.0
617055658.0
468037917.0
306510948.0
2356615854.0
71476109.0
532840492.0
2362628834.0
237332572.0
465374176.0
616228012.0
2351778319.0
2383278158.0
55413450.0
302762747.0
557844186.0
583127247.0
2382224720.0
2385497478.0
2384377790.0
616312923.0
14716324.0
2353752265.0
2381324954.0
2359748348.0
565600628.0
1267627190.0
618239464.0
98034594.0
1174429314.0
522416755.0
1174876764.0
2376891090.0
571300851.0
176387861.0
620739715.0
554590139.0
2357489000.0
22798846.0
1175699864.0
616640000.0
1176241388.0
2384700522.0
2360015622.0
2353735602.0
29940598.0
467145195.0
1176335570.0
101330311.0
1128426180.0
2357216299.0
578904059.0
23832142.0
2358033824.0
2362926606.0
1175629302.0
1174931708.0
63258466.0
61408308.0
2361020419.0
244254961.0
2354979554.0
2386566566.0
110203632.0
168773175.0
2364358770.0
616287318.0
2384404598.0
2358223824.0
39413961.0
2375616703.0
65966240.0
1218559916.0
1174933712.0
2352320089.0
168872531.0
717691526.0
56864026.0
2359444374.0
1176069402.0
466359810.0
466457473.0
2357426569.0
92048929.0
619912196.0
2364003794.0
233783035.0
1130535104.0
100767001.0
181225107.0
2352618876.0
465403330.0
538878016.0
616468106.0
466165783.0
14980820.0
621960147.0
1273209745.0
241243279.0
618945271.0
563067334.0
1175016295.0
2384982271.0
2244691130.0
1120176186.0
2275755968.0
2378115960.0
1127465958.0
1208441712.0
1174379509.0
2386421436.0
106393319.0
124447429.0
195077198.0
64645992.0
466380427.0
755746.0
62637115.0
616750047.0
2211927324.0
616224899.0
91659548.0
26022358.0
616806334.0
513517863.0
2357522304.0
966110664.0
177906959.0
2351667816.0
2357931853.0
1127400348.0
1129397028.0
619810380.0
619387779.0
2351516604.0
1174854703.0
2382423954.0
17507350.0
616304430.0
175108392.0
1175810197.0
617303057.0
2349576036.0
239630998.0
121102940.0
619668267.0
19752959.0
1367487373.0
1127809698.0
465365494.0
2382845922.0
616301763.0
2370917946.0
616310931.0
2365148983.0
413650968.0
1129923780.0
2384119801.0
297074297.0
708116888.0
29742631.0
2377126058.0
2355091369.0
2187570536.0
127423382.0
2352944150.0
1126057680.0
55221873.0
2377279662.0
1127587958.0
2357498256.0
43133380.0
69908675.0
17332562.0
153439655.0
2373095150.0
64987143.0
104539151.0
2383730832.0
467188464.0
2368468856.0
714583566.0
2357788195.0
242534704.0
466406088.0
2366354264.0
2382743514.0
2386185846.0
2384499901.0
2368837153.0
1130271691.0
2356197007.0
423342037.0
616313439.0
2363016140.0
1174913503.0
1174397630.0
2363008783.0
150861478.0
2355730032.0
2374434608.0
2352065821.0
2351605818.0
1174510238.0
2378360713.0
102425480.0
2357363780.0
84359256.0
1894144616.0
1174853904.0
2353119091.0
152846674.0
2376967352.0
2353359810.0
571771309.0
1130295176.0
2220403502.0
605294402.0
84562398.0
1208952572.0
468081135.0
1127622661.0
225618739.0
2362680805.0
2385919303.0
108392831.0
2349468188.0
616219934.0
466413855.0
538874527.0
17748368.0
104850934.0
2382471739.0
174935239.0
2385776562.0
2358317084.0
2370789235.0
468034219.0
1175729749.0
466139912.0
616225156.0
67242807.0
616792194.0
397497470.0
506892551.0
2310860028.0
2350165542.0
2366514380.0
2377373876.0
616206467.0
2370986294.0
616304457.0
162341083.0
164269433.0
616595506.0
105293701.0
616216289.0
2272837002.0
2360011250.0
1208904374.0
616663989.0
2357621676.0
1130546598.0
678033.0
467146209.0
35008954.0
1176422048.0
2352012912.0
2366503142.0
2363248434.0
616231654.0
616300029.0
2377297692.0
93262347.0
2364401004.0
467057265.0
2352865495.0
616219148.0
430928749.0
2384259128.0
468144332.0
2366195148.0
616225861.0
1176064104.0
154029272.0
2377407865.0
2294138446.0
83111557.0
616206563.0
1386619668.0
1719992982.0
2275879068.0
149038171.0
2356893462.0
1176233665.0
67603955.0
2357073781.0
297017716.0
27582887.0
2358098166.0
2353578306.0
531219372.0
2358593826.0
482179475.0
2354870666.0
92964993.0
2349963427.0
616394423.0
2384325758.0
397930399.0
202886194.0
109905756.0
616304112.0
2361958255.0
16180264.0
467077394.0
2351608056.0
616723348.0
2380735502.0
1175633166.0
67041122.0
2352639151.0
2380994893.0
1174832875.0
2355780786.0
2358517544.0
117281140.0
87222319.0
2185613491.0
2351058560.0
2360663797.0
613481420.0
2361579590.0
1273208959.0
2371059884.0
55962452.0
467197267.0
2386224518.0
231225050.0
1174427628.0
2352102996.0
616230346.0
2358403502.0
618949013.0
198243810.0
542129791.0
118120588.0
617461581.0
2272013406.0
512918460.0
2350154868.0
67252490.0
1130266422.0
11174562.0
467102366.0
2360696834.0
2384800922.0
2294724187.0
1175992374.0
389632220.0
2359687441.0
2316340358.0
617438377.0
2357527436.0
411288201.0
2362914415.0
1176175699.0
2349093944.0
254797049.0
567647741.0
2277404047.0
467197598.0
214678407.0
2372977182.0
616298907.0
2361822619.0
162167191.0
62227184.0
83222486.0
539208852.0
1175650981.0
2368501603.0
2385069193.0
95695519.0
2182527116.0
17949945.0
1176091038.0
468101494.0
2386078303.0
588325943.0
531147808.0
2357249522.0
1128355266.0
211564378.0
2382335580.0
616229482.0
2382477954.0
2362684453.0
1273211215.0
66086468.0
2200425967.0
711055747.0
1901069808.0
2375186491.0
317330851.0
498418001.0
1130543052.0
192378109.0
522769833.0
616227617.0
68096615.0
2368496100.0
620320700.0
467153239.0
2384119032.0
2378353614.0
2352424268.0
1176173497.0
2362571149.0
617241478.0
96435556.0
2355171440.0
617690311.0
57332734.0
617688070.0
2374669231.0
241157629.0
1175675402.0
616229272.0
621576164.0
2362329577.0
7732472.0
2352740366.0
2362306908.0
67847720.0
295202314.0
2359784346.0
2380413493.0
1175897192.0
2379407449.0
2396099064.0
2364755130.0
1208221152.0
1368084582.0
2357060473.0
117166638.0
1175768702.0
59568791.0
619187098.0
2381821184.0
77413855.0
224276630.0
116371716.0
617448956.0
2363921462.0
1128470257.0
2276246472.0
616453934.0
467114248.0
2314131617.0
1176216530.0
2326385024.0
709158032.0
2357597515.0
616227283.0
270442712.0
616870615.0
2358621420.0
1174851198.0
2357379750.0
1273211443.0
2357215194.0
934684128.0
2353897176.0
465367288.0
2378380094.0
2351117846.0
243847388.0
531163502.0
490440829.0
24164443.0
622304985.0
177804013.0
616207376.0
2368487161.0
2358544080.0
616263295.0
65969252.0
75418551.0
23125871.0
467157688.0
394416247.0
14290542.0
617575079.0
617311634.0
2354553128.0
70468385.0
2281408404.0
2368084664.0
1176385015.0
1176258355.0
2379836293.0
465445130.0
616400521.0
22951310.0
2361674574.0
2365320554.0
466401624.0
1174399688.0
212780866.0
75727639.0
465389976.0
1129878464.0
250231381.0
331810629.0
1174518524.0
2356814419.0
2213026430.0
2384570148.0
49669394.0
531150230.0
2364455509.0
713127517.0
2378030814.0
1174763443.0
531229047.0
2384406452.0
2376143820.0
50970101.0
2368250720.0
2357091176.0
104695910.0
2381822418.0
95288165.0
41678763.0
47731919.0
2363279784.0
562152074.0
1174357622.0
2376832255.0
169433349.0
2351551118.0
2352831228.0
104206746.0
165778169.0
616205123.0
2362388834.0
24725275.0
466161043.0
2368499593.0
2381458105.0
370733068.0
616301361.0
1127839795.0
593100391.0
212835350.0
452825048.0
1676579581.0
383771160.0
616235884.0
51571349.0
572934190.0
1127484458.0
2378299190.0
2351957510.0
1128284804.0
2351638320.0
54234822.0
2385916478.0
1175982799.0
398813548.0
2351729810.0
72889357.0
531140317.0
467060783.0
1127064944.0
617712875.0
51912733.0
2370725054.0
616226180.0
196198266.0
142150030.0
616916468.0
1174994587.0
1175035327.0
52043740.0
467120569.0
2358920870.0
2382863214.0
2242993111.0
2377029840.0
617679199.0
2352549452.0
240706202.0
619784136.0
157959714.0
616998237.0
531139427.0
2377569936.0
2356175006.0
2368325846.0
2352966612.0
1127150011.0
619528467.0
616287324.0
65236671.0
468030602.0
256375885.0
466406605.0
2360351358.0
467175777.0
1174435530.0
2168701743.0
618739366.0
79362510.0
64987715.0
2351130559.0
1175764808.0
2368378044.0
467079499.0
1129950846.0
2359610977.0
72478625.0
2362511365.0
619448053.0
107798859.0
2358320191.0
2265992857.0
238189223.0
467123168.0
58384179.0
617605452.0
49483339.0
617487586.0
466195745.0
616944056.0
2363841650.0
2368776204.0
2770511.0
466235245.0
112544426.0
1175871572.0
2364796801.0
15805367.0
442508258.0
1030686715.0
2360497496.0
1207752978.0
2349839155.0
1174819256.0
1209147012.0
26117307.0
67847516.0
709554859.0
2354901288.0
2357780342.0
2356777770.0
2350911115.0
618803772.0
2358476030.0
1174413146.0
103595448.0
1174331114.0
467176923.0
619348972.0
616217828.0
189795889.0
2359008889.0
2286244303.0
2360611712.0
2361583669.0
616223567.0
2360309929.0
1176282888.0
2359831309.0
2377593666.0
617863521.0
2356861297.0
531223809.0
467124570.0
189211293.0
617679830.0
1174756808.0
187262210.0
616224764.0
467182961.0
2223969871.0
466386301.0
69218476.0
1175901596.0
467201459.0
616229977.0
2377524343.0
2360398694.0
545443019.0
1174845720.0
466442761.0
466428721.0
1174818847.0
617632957.0
178748878.0
1128822200.0
18378944.0
2352038430.0
2376525504.0
2377282590.0
2377127558.0
107297283.0
2257069046.0
2360250044.0
64972830.0
569015489.0
158821864.0
2358288788.0
466435521.0
2354317988.0
1176319747.0
616964543.0
2379750060.0
536923629.0
467200089.0
616219253.0
1174670046.0
2353637048.0
2357108466.0
2273614820.0
1174632889.0
194780405.0
2358425053.0
2375131807.0
1175897185.0
1127433188.0
105748476.0
466320191.0
571446535.0
538914448.0
2384614712.0
1176329052.0
1175962808.0
542236806.0
326312483.0
617697354.0
2357179152.0
59435295.0
2354060245.0
2352427236.0
45564759.0
152194153.0
467066534.0
2382586488.0
2353979143.0
15833054.0
2352207456.0
1130225450.0
2357842711.0
616224374.0
2384440958.0
2357494309.0
239895893.0
1127159532.0
616220519.0
2377056618.0
616312179.0
1176198690.0
1176258824.0
1128385638.0
2376483733.0
1174497528.0
467186118.0
2357158628.0
566099034.0
2380870878.0
2356098180.0
1127139246.0
2374818074.0
104554494.0
2271281280.0
1021573561.0
616300719.0
2438666143.0
2362521428.0
2384100523.0
221187678.0
1175993419.0
616881617.0
2378385974.0
241228977.0
6775342.0
2211561347.0
157683018.0
1128358752.0
1174869769.0
2230659451.0
2362517576.0
529329358.0
2353781904.0
2352546932.0
1124360551.0
2366353531.0
2212593386.0
101874819.0
1174620793.0
68332605.0
1128511538.0
466288937.0
465392182.0
2352969782.0
466462018.0
539090513.0
534863518.0
2356879860.0
2374736143.0
91350980.0
2350404290.0
617017911.0
1175806116.0
172207449.0
1174700300.0
616225709.0
616566914.0
520178852.0
467151311.0
2381881135.0
531152071.0
557522453.0
166142862.0
2364688340.0
154527192.0
2352110226.0
60833127.0
2375595570.0
1175901152.0
1130539062.0
619552741.0
1208662998.0
2356283838.0
81061767.0
520998731.0
2361624314.0
2374799449.0
138190464.0
2356809246.0
66168299.0
21425831.0
2372332482.0
61508731.0
2362227691.0
227055399.0
2370928556.0
2360557796.0
466409241.0
2357949132.0
2357688510.0
616385880.0
103557181.0
1127260830.0
1374591816.0
2372424404.0
1175730253.0
36299291.0
2387206826.0
50613517.0
531231183.0
2360304794.0
22437649.0
467134743.0
617179003.0
2384243040.0
2355144564.0
616299576.0
2384514360.0
2358394104.0
2360206722.0
1176297974.0
79361616.0
619225021.0
2158122428.0
147954455.0
240362521.0
2352807540.0
2368284607.0
2362996016.0
86613061.0
2360251669.0
2354322703.0
2384359302.0
580925947.0
614220713.0
618249287.0
2355798560.0
2370996170.0
522725796.0
321325799.0
2377055413.0
523343938.0
2370793416.0
613393977.0
2378318810.0
104966336.0
2379928824.0
593724411.0
21345227.0
616758171.0
2384958265.0
2358996942.0
2362028696.0
489250568.0
80269221.0
21331733.0
1176387745.0
621554804.0
1176067166.0
617456450.0
72348749.0
2382871867.0
2355918854.0
1176157068.0
2355781981.0
2352240403.0
2356252633.0
2358397746.0
2352817586.0
2276437098.0
1175593494.0
618532500.0
1726804830.0
2357621743.0
617888487.0
468036974.0
2384466216.0
69499582.0
542215293.0
245280307.0
2357586236.0
2363989344.0
2384699304.0
1127833051.0
1174357490.0
466472248.0
1127455501.0
531160078.0
1174902313.0
66228550.0
2360101717.0
138211958.0
34589722.0
616206656.0
2199062688.0
568015457.0
2352980886.0
616220039.0
168686865.0
489714722.0
334748859.0
1175754096.0
2366336551.0
538945122.0
616212298.0
2375729834.0
307819895.0
1127012520.0
589910604.0
2381666796.0
467139658.0
67250654.0
249292320.0
2349191773.0
2357307894.0
2369112312.0
618278395.0
112429918.0
98422697.0
214549887.0
466264439.0
2362432279.0
2384991212.0
620258805.0
2240095033.0
2209565230.0
2272865846.0
2359867422.0
617377479.0
65003677.0
141886393.0
53974415.0
531226407.0
2383454876.0
2356086913.0
2383079875.0
1273207663.0
616300512.0
2357549952.0
2366546125.0
2352430898.0
101861459.0
630700348.0
2356768483.0
2366337290.0
65031866.0
2349093152.0
2374964642.0
618372072.0
2352095190.0
621962667.0
104897023.0
554002998.0
65177403.0
1127167910.0
100607808.0
2352335377.0
2370720974.0
1169365328.0
225281874.0
65253482.0
209439268.0
2353019732.0
111894019.0
467129656.0
465323815.0
616235842.0
2368542354.0
2362199270.0
619525029.0
239910996.0
169474438.0
157884661.0
21253156.0
614030425.0
336051161.0
1176270469.0
79104032.0
28219482.0
613495125.0
86127210.0
2368732189.0
135555380.0
709338218.0
30428221.0
2355911600.0
2357089274.0
2307118248.0
222374256.0
466455126.0
151855545.0
67849337.0
22173597.0
467128482.0
616303158.0
1176031873.0
545516275.0
2354192102.0
1370348599.0
468059646.0
616211779.0
227811080.0
201434721.0
599745022.0
2352555318.0
466156124.0
567430901.0
67598048.0
113856083.0
617279109.0
70464419.0
2354975202.0
101892747.0
152232092.0
1127025932.0
2375407956.0
2384036935.0
171990690.0
2212530487.0
617458994.0
98070360.0
198833831.0
174430412.0
194773394.0
47678112.0
466365951.0
2236860283.0
117318786.0
1127183491.0
1002202471.0
617356028.0
1129089662.0
2384007109.0
617695825.0
2351569076.0
2352981745.0
357173405.0
616218488.0
467162901.0
2356788036.0
1175832804.0
2358797126.0
1208404442.0
326236752.0
2364191815.0
2352525078.0
1175681424.0
2374687915.0
2353706713.0
1175755050.0
2362768316.0
2362365686.0
2375136078.0
466430486.0
114340811.0
110962110.0
616650103.0
2353152721.0
1175833148.0
60430191.0
221141363.0
1176005634.0
616799347.0
51374842.0
616217762.0
1174848200.0
539039368.0
1127582702.0
2377545649.0
1208102538.0
616296594.0
2266487016.0
66203558.0
1174757941.0
2256345201.0
65027217.0
42570158.0
2364707538.0
2384844259.0
2369992705.0
2354254531.0
2370844794.0
2348288126.0
2364683192.0
618479530.0
465398499.0
467128761.0
2351733758.0
2353952454.0
1127013050.0
1128487490.0
1385228084.0
103481500.0
2374611596.0
617831397.0
2384323837.0
2356712604.0
2351616493.0
2359964000.0
617110971.0
102787977.0
617678355.0
214632102.0
104523905.0
466158890.0
539034931.0
2361892304.0
616602934.0
49136026.0
63074890.0
2359639219.0
2356745930.0
2358388003.0
239732544.0
2352676352.0
616224637.0
870954793.0
1374959215.0
282813691.0
1174395410.0
2361719258.0
383515070.0
60088951.0
616767002.0
465369276.0
2385765020.0
1174917374.0
2352952662.0
301529735.0
88004842.0
55329745.0
2353624196.0
54047372.0
1175705202.0
617617449.0
75683534.0
2379958296.0
2357979481.0
1386519432.0
2375517793.0
2366092718.0
1935516248.0
466440247.0
1213170564.0
2351994247.0
2385954121.0
2378429094.0
466256821.0
2354030168.0
223329964.0
2279233926.0
2351936670.0
467100704.0
615183063.0
86979841.0
1176149502.0
1129914116.0
80525033.0
96730829.0
2384707646.0
6834152.0
2383877912.0
1127536843.0
2375222060.0
2361700004.0
2371013792.0
1273206307.0
73766975.0
531130655.0
616226398.0
616221088.0
1386549638.0
605838742.0
45804432.0
1127332626.0
348489687.0
169157567.0
2375428716.0
2366054232.0
55398486.0
2385926846.0
2358107382.0
103013963.0
1855455756.0
93658002.0
617254082.0
159491433.0
2352089371.0
2361350796.0
121795261.0
2356453915.0
1130064529.0
2368659510.0
2352831810.0
14558848.0
621874598.0
466282847.0
2353351447.0
242186430.0
619249498.0
2357317176.0
616937163.0
1380853662.0
2351872555.0
1174944276.0
2360377028.0
1174330976.0
2370526800.0
468069156.0
51184465.0
64489557.0
1124249136.0
616234909.0
48007897.0
616616079.0
2381131928.0
2352762876.0
616206386.0
2354776717.0
375005417.0
2374498609.0
2357517396.0
2349927392.0
531226626.0
456996845.0
616235848.0
1174543622.0
2361574987.0
198572784.0
2349404994.0
2354352530.0
2358755755.0
2360565204.0
1175057606.0
186240101.0
208664282.0
616206269.0
167566699.0
81167512.0
585906857.0
616957257.0
1174444022.0
67287406.0
91638853.0
2265774727.0
1175928048.0
617128027.0
